1 1
3 1
22 1
36 1
40 1
41 1
44 1
46 1
62 1
75 1
99 1
104 1
111 1
134 1
137 1
138 1
140 1
142 1
156 1
168 1
185 1
187 1
193 1
205 1
229 1
236 1
285 1
309 1
328 1
355 1
2 2
4 2
20 2
32 2
38 2
53 2
57 2
58 2
67 2
100 2
114 2
116 2
118 2
121 2
162 2
166 2
188 2
194 2
212 2
313 2
327 2
354 2
21 3
28 3
33 3
55 3
68 3
86 3
115 3
117 3
119 3
132 3
141 3
170 3
176 3
235 3
263 3
362 3
25 4
29 4
59 4
80 4
107 4
112 4
133 4
135 4
31 5
60 5
301 5
6 6
19 6
43 6
66 6
96 6
109 6
126 6
173 6
360 6
5 7
23 7
39 7
63 7
113 7
129 7
153 7
158 7
183 7
238 7
253 7
283 7
353 7
56 8
213 8
239 8
34 9
94 9
108 9
157 9
216 9
246 9
361 9
37 10
97 10
163 10
251 10
264 10
24 11
310 11
312 11
348 11
130 12
338 12
261 13
9 14
13 14
17 14
18 14
171 14
256 14
379 14
35 15
42 15
105 15
159 15
167 15
344 15
45 16
54 16
128 16
358 16
83 17
148 17
329 17
352 17
131 18
27 19
47 19
71 19
95 19
147 19
190 19
248 19
102 20
225 21
257 22
72 23
110 23
179 23
302 23
345 23
381 23
69 24
181 24
209 24
270 24
218 25
164 26
197 26
184 27
189 27
290 27
85 28
155 28
318 28
76 29
14 30
51 30
88 30
93 30
172 30
208 30
292 30
308 30
357 30
78 31
123 31
169 31
217 31
220 31
224 31
275 31
277 31
281 31
300 31
152 32
165 32
207 33
294 34
73 35
120 35
143 35
196 35
359 35
64 36
201 36
211 36
49 37
323 37
230 38
174 39
232 39
245 39
260 39
215 40
299 40
341 41
90 42
244 42
347 42
7 43
265 43
79 44
266 44
52 45
127 45
65 46
154 46
243 47
149 48
321 49
297 50
74 51
92 51
150 51
274 51
280 51
306 51
82 52
307 52
319 52
325 53
8 54
375 54
122 55
177 56
84 57
351 57
30 58
106 59
139 60
175 60
199 60
226 60
144 61
50 62
146 62
198 62
339 62
161 63
254 63
250 64
382 64
333 65
350 66
365 67
255 68
287 68
366 68
11 69
267 70
271 70
289 70
124 71
303 71
204 72
336 72
192 73
219 74
227 75
234 75
61 76
70 77
258 77
268 77
214 78
340 79
252 80
101 81
276 81
282 81
286 82
296 83
320 84
288 85
346 85
363 86
48 87
77 87
87 88
191 89
269 89
125 90
273 90
279 90
91 91
326 91
331 92
364 93
98 94
228 95
233 96
151 97
160 97
262 98
259 99
295 100
182 101
247 101
200 102
210 102
370 102
15 103
293 103
16 104
203 105
343 106
12 107
242 108
202 109
221 110
298 111
335 111
206 112
311 112
349 113
231 114
334 115
337 116
222 117
178 118
195 119
330 120
376 121
81 122
223 123
324 124
10 125
26 126
180 127
237 128
305 129
322 130
356 131
89 132
145 133
249 134
317 135
374 136
380 137
240 138
272 139
278 139
342 140
371 141
186 142
291 143
103 144
304 145
332 146