374 1
79 1
252 1
216 1
154 1
16 1
38 1
276 1
53 1
84 1
264 1
203 1
32 1
170 1
176 1
98 1
282 1
151 1
225 1
338 1
20 1
293 1
62 1
132 1
130 1
134 1
362 1
162 1
86 1
188 1
194 1
236 1
241 1
40 1
316 1
137 1
138 1
104 1
238 2
375 2
148 2
363 2
17 2
21 2
253 2
306 2
243 2
192 2
129 2
171 2
155 2
54 2
283 2
301 2
100 2
265 2
9 2
63 2
156 2
240 2
39 2
31 2
195 2
13 2
2 2
314 2
285 2
315 2
284 2
136 2
246 3
219 3
77 3
233 3
295 3
377 3
27 3
346 3
82 3
226 3
258 3
343 3
268 3
288 3
109 3
376 3
164 3
307 3
60 3
213 3
22 3
355 3
103 3
57 3
313 3
383 3
185 3
193 3
239 4
369 4
297 4
214 4
127 4
378 4
209 4
319 4
173 4
159 4
270 4
263 4
52 4
8 4
30 4
235 4
48 4
237 4
197 4
249 4
69 4
15 4
1 4
26 4
168 4
304 4
229 4
105 4
186 4
368 5
248 5
292 5
290 5
189 5
47 5
308 5
208 5
139 5
262 5
68 5
14 5
269 5
71 5
29 5
172 5
158 5
223 5
142 5
51 5
357 5
93 5
88 5
381 5
135 5
133 5
131 5
140 5
187 5
309 5
218 6
296 6
76 6
163 6
366 6
42 6
205 6
149 6
122 6
102 6
11 6
345 6
242 6
55 6
349 6
181 6
108 6
59 6
212 6
81 6
287 6
257 6
322 6
153 6
342 6
354 6
382 6
299 7
125 7
179 7
312 7
279 7
95 7
184 7
359 7
160 7
273 7
90 7
227 7
56 7
255 7
334 7
337 7
207 7
215 7
260 7
372 7
145 7
317 7
110 7
73 7
65 7
99 7
379 7
78 8
220 8
300 8
251 8
373 8
325 8
37 8
224 8
97 8
281 8
61 8
24 8
169 8
4 8
340 8
361 8
180 8
328 8
123 8
83 8
275 8
277 8
217 8
116 8
118 8
114 8
250 9
74 9
329 9
234 9
124 9
351 9
385 9
230 9
152 9
66 9
261 9
326 9
96 9
274 9
221 9
183 9
91 9
111 9
305 9
6 9
384 9
280 9
360 9
141 9
70 10
367 10
157 10
34 10
318 10
165 10
267 10
87 10
92 10
289 10
12 10
247 10
182 10
330 10
126 10
150 10
356 10
43 10
222 10
380 10
190 10
271 10
67 10
115 10
119 10
117 10
294 11
339 11
347 11
28 11
196 11
244 11
167 11
364 11
286 11
256 11
331 11
50 11
302 11
146 11
3 11
35 11
327 11
177 11
266 11
18 11
120 11
323 11
199 11
198 11
107 11
245 12
348 12
365 12
121 12
228 12
75 12
19 12
341 12
80 12
58 12
147 12
344 12
353 12
166 12
101 12
231 12
36 12
324 12
85 12
204 12
10 12
291 12
303 12
112 12
298 13
350 13
370 13
254 13
128 13
310 13
161 13
49 13
45 13
320 13
41 13
174 13
202 13
210 13
25 13
143 13
278 13
259 13
44 13
200 13
335 13
272 13
332 13
5 13
106 13
336 14
352 14
333 14
232 14
358 14
201 14
46 14
144 14
64 14
33 14
211 14
191 14
175 14
23 14
311 14
94 14
72 14
178 14
206 14
7 14
89 14
321 14
371 14
113 14
